32 0.3723958333333333 0.10807291666666667 0.20442708333333334 0.19140625
32 0.76953125 0.12760416666666666 0.057291666666666664 0.032552083333333336
32 0.5247395833333334 0.12890625 0.1953125 0.08723958333333333
32 0.66796875 0.15885416666666666 0.18229166666666666 0.140625
32 0.21354166666666666 0.16276041666666666 0.22135416666666666 0.17057291666666666
32 0.7708333333333334 0.171875 0.07291666666666667 0.06640625
32 0.3385416666666667 0.20703125 0.0703125 0.05859375
32 0.4973958333333333 0.23828125 0.26953125 0.19010416666666666
32 0.8203125 0.24609375 0.2513020833333333 0.14713541666666666
32 0.3619791666666667 0.2591145833333333 0.10286458333333333 0.08333333333333333
32 0.20572916666666666 0.26953125 0.14583333333333334 0.07682291666666667
32 0.2825520833333333 0.2721354166666667 0.11197916666666667 0.0546875
32 0.6614583333333334 0.27734375 0.10546875 0.07421875
32 0.15885416666666666 0.6549479166666666 0.1953125 0.09505208333333333
32 0.6966145833333334 0.07161458333333333 0.13932291666666666 0.07552083333333333
32 0.8268229166666666 0.7213541666666666 0.12890625 0.10677083333333333
32 0.5377604166666666 0.765625 0.6497395833333334 0.45703125
32 0.3541666666666667 0.8125 0.21875 0.14713541666666666
32 0.9244791666666666 0.8541666666666666 0.14713541666666666 0.23958333333333334