32 0.23307291666666666 0.41796875 0.07161458333333333 0.08723958333333333
32 0.4778645833333333 0.4375 0.06380208333333333 0.07291666666666667
32 0.2916666666666667 0.46484375 0.08203125 0.08333333333333333
32 0.125 0.4895833333333333 0.09505208333333333 0.08463541666666667
32 0.4036458333333333 0.4986979166666667 0.06901041666666667 0.09114583333333333
32 0.5559895833333334 0.5169270833333334 0.078125 0.09114583333333333
32 0.3359375 0.5377604166666666 0.08984375 0.10807291666666667
32 0.10546875 0.54296875 0.06770833333333333 0.057291666666666664
32 0.4765625 0.546875 0.08203125 0.12630208333333334
32 0.1875 0.5494791666666666 0.07161458333333333 0.11328125
32 0.77734375 0.59375 0.14453125 0.2643229166666667
32 0.24609375 0.5989583333333334 0.09114583333333333 0.15104166666666666
32 0.0703125 0.6276041666666666 0.08854166666666667 0.10416666666666667
32 0.6419270833333334 0.62890625 0.07942708333333333 0.11588541666666667
32 0.15494791666666666 0.65234375 0.09635416666666667 0.12630208333333334
32 0.2890625 0.8151041666666666 0.07942708333333333 0.13932291666666666