32 0.43359375 0.68359375 0.08203125 0.06640625
32 0.4869791666666667 0.2552083333333333 0.040364583333333336 0.044270833333333336
32 0.3268229166666667 0.2565104166666667 0.048177083333333336 0.037760416666666664
32 0.6432291666666666 0.2825520833333333 0.07161458333333333 0.04296875
32 0.5807291666666666 0.2981770833333333 0.07161458333333333 0.06770833333333333
32 0.39453125 0.3033854166666667 0.0859375 0.06640625
32 0.9557291666666666 0.3528645833333333 0.061197916666666664 0.052083333333333336
32 0.18489583333333334 0.4114583333333333 0.055989583333333336 0.053385416666666664
32 0.6575520833333334 0.4192708333333333 0.049479166666666664 0.036458333333333336
32 0.3984375 0.5299479166666666 0.07291666666666667 0.09244791666666667
32 0.5377604166666666 0.6080729166666666 0.14713541666666666 0.15104166666666666