38 0.08333333333333333 0.6080729166666666 0.16666666666666666 0.7682291666666666
20 0.06901041666666667 0.49609375 0.13802083333333334 0.4778645833333333
22 0.6731770833333334 0.24348958333333334 0.20963541666666666 0.24739583333333334
27 0.08203125 0.5807291666666666 0.1640625 0.76171875
23 0.63671875 0.3567708333333333 0.01953125 0.0078125
38 0.4739583333333333 0.4817708333333333 0.18229166666666666 0.6575520833333334
38 0.7708333333333334 0.5559895833333334 0.4010416666666667 0.8815104166666666
20 0.48046875 0.21223958333333334 0.08463541666666667 0.11328125
20 0.68359375 0.4401041666666667 0.11848958333333333 0.4231770833333333
22 0.07942708333333333 0.4609375 0.15885416666666666 0.3502604166666667
22 0.4830729166666667 0.21614583333333334 0.07552083333333333 0.1484375
27 0.4713541666666667 0.4518229166666667 0.18229166666666666 0.6236979166666666
27 0.7721354166666666 0.5546875 0.4049479166666667 0.8723958333333334
32 0.19401041666666666 0.5234375 0.3841145833333333 0.6744791666666666
32 0.5078125 0.6940104166666666 0.2981770833333333 0.6067708333333334
32 0.7356770833333334 0.5703125 0.43359375 0.85546875
7 0.06640625 0.796875 0.13151041666666666 0.3997395833333333
7 0.4700520833333333 0.4596354166666667 0.16276041666666666 0.3489583333333333
7 0.8411458333333334 0.6940104166666666 0.28515625 0.6080729166666666
19 0.13151041666666666 0.4791666666666667 0.0390625 0.22395833333333334
19 0.4778645833333333 0.22786458333333334 0.061197916666666664 0.11328125
19 0.6393229166666666 0.3463541666666667 0.057291666666666664 0.12760416666666666
16 0.07942708333333333 0.8411458333333334 0.09635416666666667 0.3138020833333333
16 0.4049479166666667 0.4427083333333333 0.040364583333333336 0.18489583333333334
16 0.8997395833333334 0.6106770833333334 0.07421875 0.2708333333333333
24 0.14713541666666666 0.4752604166666667 0.020833333333333332 0.06380208333333333
24 0.625 0.3125 0.028645833333333332 0.0546875