32 0.10026041666666667 0.8307291666666666 0.20052083333333334 0.12760416666666666
32 0.30859375 0.8033854166666666 0.1875 0.1171875
32 0.4830729166666667 0.3489583333333333 0.4401041666666667 0.16796875
32 0.3567708333333333 0.8658854166666666 0.16796875 0.20833333333333334
32 0.5286458333333334 0.8411458333333334 0.2734375 0.24479166666666666
32 0.5950520833333334 0.6158854166666666 0.1796875 0.11458333333333333
32 0.5989583333333334 0.2838541666666667 0.059895833333333336 0.05859375
32 0.6692708333333334 0.2747395833333333 0.06770833333333333 0.06640625
32 0.77734375 0.3763020833333333 0.13151041666666666 0.07682291666666667
32 0.8020833333333334 0.2630208333333333 0.0625 0.048177083333333336
32 0.9609375 0.90625 0.07161458333333333 0.13541666666666666