32 0.11328125 0.17838541666666666 0.22265625 0.3463541666666667
32 0.4713541666666667 0.21744791666666666 0.22916666666666666 0.3372395833333333
32 0.6328125 0.3177083333333333 0.2708333333333333 0.4140625
32 0.2864583333333333 0.46484375 0.16276041666666666 0.28125
32 0.06640625 0.4895833333333333 0.09375 0.2669270833333333
32 0.4127604166666667 0.51953125 0.16927083333333334 0.3580729166666667
32 0.16276041666666666 0.5559895833333334 0.14453125 0.3072916666666667
32 0.8919270833333334 0.60546875 0.21614583333333334 0.296875
32 0.04296875 0.7239583333333334 0.0859375 0.4375
32 0.6484375 0.7526041666666666 0.3723958333333333 0.4791666666666667
32 0.38671875 0.7799479166666666 0.16796875 0.24088541666666666
32 0.19661458333333334 0.8515625 0.2682291666666667 0.2955729166666667