19 0.87890625 0.17447916666666666 0.024739583333333332 0.044270833333333336
7 0.8984375 0.3658854166666667 0.15104166666666666 0.31640625
12 0.91015625 0.47265625 0.08203125 0.20833333333333334
12 0.96484375 0.4778645833333333 0.06770833333333333 0.20703125
12 0.9114583333333334 0.4778645833333333 0.10026041666666667 0.18229166666666666
32 0.03515625 0.4791666666666667 0.0703125 0.16145833333333334
32 0.1015625 0.5208333333333334 0.07682291666666667 0.041666666666666664
12 0.11588541666666667 0.5455729166666666 0.07942708333333333 0.2513020833333333
12 0.0625 0.5716145833333334 0.125 0.27734375
28 0.18619791666666666 0.5768229166666666 0.17578125 0.22135416666666666
7 0.16796875 0.58203125 0.140625 0.22265625