32 0.0625 0.5416666666666666 0.12369791666666667 0.21484375
32 0.18098958333333334 0.8684895833333334 0.2786458333333333 0.2591145833333333
32 0.09375 0.55859375 0.07942708333333333 0.1875
32 0.15234375 0.5625 0.057291666666666664 0.1953125
32 0.18098958333333334 0.5625 0.05859375 0.1953125
32 0.2864583333333333 0.5520833333333334 0.17447916666666666 0.20182291666666666
32 0.4296875 0.8671875 0.2955729166666667 0.26171875
32 0.4583333333333333 0.55859375 0.1328125 0.20703125
32 0.6197916666666666 0.5651041666666666 0.17447916666666666 0.21875
32 0.7578125 0.8776041666666666 0.3151041666666667 0.24088541666666666
32 0.8580729166666666 0.578125 0.18619791666666666 0.2265625