8 0.5 0.4427083333333333 0.9986979166666666 0.8841145833333334
9 0.5 0.5455729166666666 0.9986979166666666 0.6796875
22 0.04296875 0.09244791666666667 0.0859375 0.17447916666666666
22 0.3190104166666667 0.1875 0.15885416666666666 0.18880208333333334
22 0.4557291666666667 0.23958333333333334 0.08333333333333333 0.1484375
22 0.6705729166666666 0.30078125 0.12630208333333334 0.15755208333333334
22 0.8268229166666666 0.30859375 0.09895833333333333 0.16276041666666666
22 0.94921875 0.3268229166666667 0.09765625 0.11979166666666667
32 0.5 0.5 0.9986979166666666 0.9973958333333334
13 0.5 0.4440104166666667 0.9986979166666666 0.8880208333333334
7 0.5 0.4453125 0.9986979166666666 0.890625