32 0.5 0.5 0.9986979166666666 0.9986979166666666
30 0.5 0.7330729166666666 0.9986979166666666 0.5286458333333334
30 0.10416666666666667 0.5911458333333334 0.08723958333333333 0.0390625
30 0.12369791666666667 0.68359375 0.055989583333333336 0.041666666666666664
30 0.15755208333333334 0.484375 0.0390625 0.033854166666666664
30 0.18489583333333334 0.5768229166666666 0.07942708333333333 0.07161458333333333
30 0.23046875 0.66015625 0.06901041666666667 0.04296875
30 0.2890625 0.4583333333333333 0.029947916666666668 0.03125
30 0.34765625 0.5286458333333334 0.059895833333333336 0.10026041666666667
30 0.37890625 0.4075520833333333 0.07942708333333333 0.06510416666666667
30 0.3815104166666667 0.62109375 0.07421875 0.040364583333333336
30 0.4166666666666667 0.46484375 0.06510416666666667 0.02734375
30 0.46484375 0.37109375 0.049479166666666664 0.06510416666666667
30 0.5052083333333334 0.4283854166666667 0.0703125 0.04296875
30 0.5286458333333334 0.3203125 0.0234375 0.036458333333333336
30 0.5625 0.37109375 0.04296875 0.036458333333333336
30 0.609375 0.4739583333333333 0.041666666666666664 0.046875
30 0.6236979166666666 0.2903645833333333 0.032552083333333336 0.03515625
30 0.6497395833333334 0.3658854166666667 0.07291666666666667 0.06640625
30 0.70703125 0.4401041666666667 0.033854166666666664 0.04296875
30 0.9505208333333334 0.1328125 0.09635416666666667 0.265625