32 0.2643229166666667 0.3697916666666667 0.14583333333333334 0.15104166666666666
32 0.09244791666666667 0.4622395833333333 0.16145833333333334 0.22135416666666666
32 0.5677083333333334 0.6145833333333334 0.13671875 0.13020833333333334
32 0.23307291666666666 0.6432291666666666 0.19140625 0.20052083333333334
32 0.7473958333333334 0.6861979166666666 0.14973958333333334 0.13802083333333334
32 0.07552083333333333 0.7005208333333334 0.15104166666666666 0.20572916666666666
32 0.5651041666666666 0.765625 0.20572916666666666 0.18098958333333334
32 0.484375 0.8424479166666666 0.10026041666666667 0.08463541666666667
32 0.8177083333333334 0.8489583333333334 0.3125 0.2942708333333333
32 0.23828125 0.9036458333333334 0.21875 0.171875
32 0.4596354166666667 0.93359375 0.1796875 0.1328125