32 0.9231770833333334 0.4088541666666667 0.14973958333333334 0.6510416666666666
32 0.875 0.4309895833333333 0.06901041666666667 0.109375
32 0.7434895833333334 0.4739583333333333 0.07421875 0.10546875
32 0.8111979166666666 0.5221354166666666 0.078125 0.20963541666666666
32 0.6653645833333334 0.5325520833333334 0.10286458333333333 0.22526041666666666
32 0.5169270833333334 0.5559895833333334 0.078125 0.14713541666666666
32 0.5950520833333334 0.5807291666666666 0.06770833333333333 0.19401041666666666
32 0.60546875 0.6354166666666666 0.08333333333333333 0.13932291666666666
32 0.5013020833333334 0.69921875 0.07161458333333333 0.17578125
32 0.5638020833333334 0.7109375 0.06380208333333333 0.1328125
32 0.9153645833333334 0.73046875 0.08333333333333333 0.18229166666666666
32 0.6809895833333334 0.7408854166666666 0.06901041666666667 0.13932291666666666
32 0.7434895833333334 0.7408854166666666 0.07552083333333333 0.15104166666666666
32 0.7994791666666666 0.7591145833333334 0.061197916666666664 0.15625