29 0.13802083333333334 0.34765625 0.12369791666666667 0.2942708333333333
29 0.2643229166666667 0.3671875 0.07942708333333333 0.265625
29 0.059895833333333336 0.3046875 0.08072916666666667 0.19401041666666666
29 0.22135416666666666 0.3294270833333333 0.07552083333333333 0.22265625
29 0.3229166666666667 0.2903645833333333 0.05859375 0.109375
32 0.25390625 0.6796875 0.17578125 0.06380208333333333
32 0.28125 0.75390625 0.2526041666666667 0.078125
32 0.16666666666666666 0.5416666666666666 0.06901041666666667 0.032552083333333336
32 0.54296875 0.9466145833333334 0.24479166666666666 0.10546875
32 0.23567708333333334 0.3619791666666667 0.049479166666666664 0.05078125
32 0.30859375 0.3893229166666667 0.052083333333333336 0.029947916666666668