32 0.3359375 0.4348958333333333 0.07942708333333333 0.08984375
32 0.83984375 0.75390625 0.30078125 0.21484375
32 0.7669270833333334 0.6354166666666666 0.4596354166666667 0.6067708333333334
32 0.94921875 0.65625 0.08072916666666667 0.06380208333333333
32 0.4322916666666667 0.3997395833333333 0.07161458333333333 0.078125
32 0.3776041666666667 0.2981770833333333 0.16796875 0.1171875
32 0.2864583333333333 0.20833333333333334 0.0703125 0.055989583333333336
32 0.4934895833333333 0.390625 0.03125 0.048177083333333336
32 0.5924479166666666 0.5859375 0.11067708333333333 0.1171875
32 0.8190104166666666 0.58984375 0.11848958333333333 0.12239583333333333
32 0.8997395833333334 0.9283854166666666 0.19791666666666666 0.13932291666666666