32 0.8880208333333334 0.87890625 0.09244791666666667 0.13020833333333334
32 0.8372395833333334 0.9153645833333334 0.06901041666666667 0.09765625
32 0.7161458333333334 0.3385416666666667 0.10807291666666667 0.09375
32 0.828125 0.4010416666666667 0.203125 0.08203125
32 0.6927083333333334 0.4088541666666667 0.10416666666666667 0.053385416666666664
32 0.8229166666666666 0.4283854166666667 0.13411458333333334 0.08854166666666667
32 0.2994791666666667 0.5807291666666666 0.1171875 0.06901041666666667
32 0.12630208333333334 0.5833333333333334 0.22395833333333334 0.18880208333333334
32 0.7109375 0.6588541666666666 0.30078125 0.3619791666666667
32 0.24479166666666666 0.6614583333333334 0.07682291666666667 0.140625
32 0.12369791666666667 0.6888020833333334 0.22786458333333334 0.18359375
32 0.5533854166666666 0.6953125 0.06640625 0.08072916666666667