0 0.25 0.13020833333333334 0.08463541666666667 0.10546875
0 0.3658854166666667 0.37890625 0.15234375 0.4231770833333333
0 0.4713541666666667 0.19140625 0.171875 0.2942708333333333
0 0.5442708333333334 0.5403645833333334 0.20182291666666666 0.5234375
0 0.578125 0.2760416666666667 0.12630208333333334 0.07552083333333333
0 0.5911458333333334 0.203125 0.059895833333333336 0.11197916666666667
0 0.6783854166666666 0.18098958333333334 0.15885416666666666 0.07552083333333333
0 0.6783854166666666 0.2747395833333333 0.109375 0.07942708333333333
0 0.7721354166666666 0.07291666666666667 0.07161458333333333 0.12890625
0 0.8723958333333334 0.20703125 0.2513020833333333 0.19010416666666666
0 0.9453125 0.3138020833333333 0.10546875 0.12109375