0 0.3958333333333333 0.3411458333333333 0.2825520833333333 0.4921875
0 0.010416666666666666 0.37109375 0.020833333333333332 0.09635416666666667
0 0.01953125 0.16015625 0.037760416666666664 0.052083333333333336
0 0.020833333333333332 0.2708333333333333 0.041666666666666664 0.08463541666666667
0 0.032552083333333336 0.4869791666666667 0.06510416666666667 0.08463541666666667
0 0.17317708333333334 0.06770833333333333 0.3463541666666667 0.13541666666666666
0 0.13541666666666666 0.9401041666666666 0.23307291666666666 0.11588541666666667
0 0.0703125 0.2721354166666667 0.05078125 0.07421875
0 0.08723958333333333 0.044270833333333336 0.048177083333333336 0.05859375
0 0.11328125 0.7434895833333334 0.06770833333333333 0.08203125
0 0.14192708333333334 0.2682291666666667 0.06770833333333333 0.07421875
0 0.15755208333333334 0.48828125 0.061197916666666664 0.08072916666666667
0 0.16536458333333334 0.19010416666666666 0.078125 0.055989583333333336
0 0.1796875 0.4192708333333333 0.06640625 0.109375
0 0.21744791666666666 0.1015625 0.033854166666666664 0.03515625
0 0.2513020833333333 0.11458333333333333 0.040364583333333336 0.045572916666666664
0 0.2760416666666667 0.9674479166666666 0.05078125 0.053385416666666664
0 0.6640625 0.24479166666666666 0.4296875 0.48828125
0 0.8723958333333334 0.95703125 0.13802083333333334 0.06770833333333333
0 0.8502604166666666 0.9075520833333334 0.0859375 0.1015625
0 0.8658854166666666 0.7786458333333334 0.09505208333333333 0.13411458333333334
0 0.8893229166666666 0.13541666666666666 0.078125 0.2669270833333333
0 0.9557291666666666 0.7513020833333334 0.08463541666666667 0.16276041666666666