0 0.2864583333333333 0.5950520833333334 0.4518229166666667 0.7747395833333334
0 0.3619791666666667 0.5 0.6315104166666666 0.99609375
0 0.6197916666666666 0.9088541666666666 0.4661458333333333 0.17708333333333334
0 0.6901041666666666 0.68359375 0.4700520833333333 0.3020833333333333
0 0.6497395833333334 0.5807291666666666 0.23046875 0.2265625
0 0.6341145833333334 0.8294270833333334 0.421875 0.3072916666666667
0 0.6484375 0.5846354166666666 0.22265625 0.22786458333333334
0 0.8020833333333334 0.024739583333333332 0.014322916666666666 0.022135416666666668
0 0.8606770833333334 0.033854166666666664 0.02734375 0.033854166666666664
0 0.9270833333333334 0.8138020833333334 0.14322916666666666 0.3684895833333333
0 0.9453125 0.13541666666666666 0.08723958333333333 0.08203125