0 0.1171875 0.14583333333333334 0.1796875 0.2578125
0 0.9322916666666666 0.15885416666666666 0.13541666666666666 0.20833333333333334
0 0.3997395833333333 0.17447916666666666 0.19401041666666666 0.2526041666666667
0 0.7174479166666666 0.3177083333333333 0.20703125 0.171875
0 0.4270833333333333 0.33203125 0.18229166666666666 0.29296875
0 0.6106770833333334 0.4791666666666667 0.24739583333333334 0.17578125
0 0.44140625 0.4947916666666667 0.18229166666666666 0.17578125
0 0.1640625 0.6640625 0.19140625 0.15364583333333334
0 0.7708333333333334 0.7942708333333334 0.23958333333333334 0.2109375
0 0.2890625 0.8268229166666666 0.20703125 0.2890625
0 0.8255208333333334 0.8763020833333334 0.3307291666666667 0.24739583333333334
0 0.4453125 0.90625 0.234375 0.1640625
0 0.10677083333333333 0.91015625 0.18619791666666666 0.17447916666666666
0 0.5703125 0.10677083333333333 0.2604166666666667 0.21354166666666666