0 0.7669270833333334 0.18880208333333334 0.10546875 0.3541666666666667
0 0.140625 0.14192708333333334 0.08203125 0.2838541666666667
0 0.19270833333333334 0.14583333333333334 0.07552083333333333 0.2903645833333333
0 0.2825520833333333 0.12890625 0.03125 0.12890625
0 0.3046875 0.12890625 0.041666666666666664 0.13671875
0 0.56640625 0.10677083333333333 0.040364583333333336 0.1171875
0 0.6106770833333334 0.1015625 0.022135416666666668 0.08723958333333333
0 0.18359375 0.5950520833333334 0.22526041666666666 0.24869791666666666
0 0.24348958333333334 0.78515625 0.19791666666666666 0.23177083333333334
0 0.3450520833333333 0.5677083333333334 0.21875 0.22786458333333334
0 0.16796875 0.5885416666666666 0.3359375 0.8177083333333334
0 0.23697916666666666 0.1484375 0.052083333333333336 0.055989583333333336
0 0.3893229166666667 0.7278645833333334 0.10416666666666667 0.13671875
0 0.5130208333333334 0.8984375 0.3502604166666667 0.19921875
0 0.7447916666666666 0.42578125 0.5078125 0.4596354166666667
0 0.8502604166666666 0.828125 0.296875 0.3385416666666667
0 0.041666666666666664 0.2955729166666667 0.040364583333333336 0.01953125
0 0.07552083333333333 0.2825520833333333 0.041666666666666664 0.013020833333333334
0 0.07421875 0.3125 0.018229166666666668 0.014322916666666666
0 0.109375 0.3072916666666667 0.046875 0.018229166666666668
0 0.14973958333333334 0.2734375 0.026041666666666668 0.02734375
0 0.171875 0.2734375 0.014322916666666666 0.03515625
0 0.19010416666666666 0.2799479166666667 0.033854166666666664 0.016927083333333332
0 0.21354166666666666 0.27734375 0.02734375 0.016927083333333332
0 0.2747395833333333 0.19140625 0.013020833333333334 0.015625
0 0.2864583333333333 0.18619791666666666 0.015625 0.015625
0 0.2916666666666667 0.18489583333333334 0.013020833333333334 0.018229166666666668
0 0.3098958333333333 0.18229166666666666 0.0078125 0.01171875
0 0.4270833333333333 0.24479166666666666 0.013020833333333334 0.01171875
0 0.4479166666666667 0.2526041666666667 0.026041666666666668 0.014322916666666666
0 0.4453125 0.21744791666666666 0.016927083333333332 0.009114583333333334
0 0.4518229166666667 0.23567708333333334 0.026041666666666668 0.014322916666666666
0 0.4830729166666667 0.5208333333333334 0.06640625 0.061197916666666664
0 0.5078125 0.515625 0.08463541666666667 0.052083333333333336
0 0.5104166666666666 0.2747395833333333 0.0234375 0.016927083333333332
0 0.5455729166666666 0.2760416666666667 0.020833333333333332 0.014322916666666666
0 0.6510416666666666 0.2682291666666667 0.0234375 0.020833333333333332
0 0.6861979166666666 0.25 0.020833333333333332 0.040364583333333336
0 0.7057291666666666 0.2721354166666667 0.020833333333333332 0.0234375
0 0.7317708333333334 0.3645833333333333 0.041666666666666664 0.040364583333333336
0 0.7552083333333334 0.265625 0.036458333333333336 0.0234375
0 0.7916666666666666 0.36328125 0.046875 0.02734375
0 0.8111979166666666 0.23177083333333334 0.024739583333333332 0.01953125
0 0.8815104166666666 0.4244791666666667 0.0390625 0.037760416666666664
0 0.91796875 0.4166666666666667 0.033854166666666664 0.036458333333333336
0 0.9453125 0.41015625 0.03125 0.032552083333333336
0 0.9765625 0.4010416666666667 0.029947916666666668 0.036458333333333336
0 0.19661458333333334 0.18359375 0.053385416666666664 0.19140625
0 0.4296875 0.18619791666666666 0.046875 0.12630208333333334
0 0.76171875 0.234375 0.09114583333333333 0.2421875
0 0.9036458333333334 0.2760416666666667 0.078125 0.2721354166666667
0 0.9713541666666666 0.24739583333333334 0.053385416666666664 0.3268229166666667