0 0.5091145833333334 0.6432291666666666 0.25 0.60546875
0 0.5260416666666666 0.34765625 0.11848958333333333 0.23307291666666666
0 0.5221354166666666 0.3567708333333333 0.12760416666666666 0.21744791666666666
0 0.48828125 0.6770833333333334 0.08072916666666667 0.12890625
0 0.4817708333333333 0.3763020833333333 0.01171875 0.016927083333333332
0 0.5143229166666666 0.3815104166666667 0.03125 0.028645833333333332
0 0.4791666666666667 0.6236979166666666 0.24479166666666666 0.7486979166666666
0 0.5338541666666666 0.8463541666666666 0.15885416666666666 0.3020833333333333
0 0.48828125 0.6302083333333334 0.23046875 0.734375
0 0.5078125 0.3854166666666667 0.0703125 0.12890625
0 0.5247395833333334 0.6536458333333334 0.16796875 0.24479166666666666
0 0.5065104166666666 0.3776041666666667 0.07682291666666667 0.033854166666666664
0 0.375 0.6380208333333334 0.028645833333333332 0.09375