0 0.015625 0.34765625 0.03125 0.057291666666666664
0 0.018229166666666668 0.1015625 0.036458333333333336 0.028645833333333332
0 0.020833333333333332 0.14453125 0.041666666666666664 0.055989583333333336
0 0.0390625 0.49609375 0.078125 0.18489583333333334
0 0.4973958333333333 0.82421875 0.9947916666666666 0.3463541666666667
0 0.15104166666666666 0.03515625 0.21875 0.06770833333333333
0 0.12630208333333334 0.1484375 0.16015625 0.052083333333333336
0 0.24088541666666666 0.6276041666666666 0.26171875 0.09635416666666667
0 0.3346354166666667 0.4388020833333333 0.421875 0.1875
0 0.24088541666666666 0.08463541666666667 0.09635416666666667 0.041666666666666664
0 0.2565104166666667 0.013020833333333334 0.12239583333333333 0.026041666666666668
0 0.5911458333333334 0.30078125 0.5598958333333334 0.15234375
0 0.4765625 0.07552083333333333 0.07942708333333333 0.033854166666666664
0 0.7174479166666666 0.10416666666666667 0.14192708333333334 0.06640625
0 0.71875 0.0390625 0.1171875 0.07682291666666667
0 0.8606770833333334 0.140625 0.12239583333333333 0.06380208333333333
0 0.8880208333333334 0.026041666666666668 0.08203125 0.052083333333333336
0 0.9401041666666666 0.041666666666666664 0.0859375 0.033854166666666664
0 0.96875 0.23697916666666666 0.053385416666666664 0.07161458333333333