0 0.4869791666666667 0.54296875 0.0859375 0.13541666666666666
0 0.4075520833333333 0.5846354166666666 0.0546875 0.07942708333333333
0 0.2981770833333333 0.5911458333333334 0.1015625 0.11588541666666667
0 0.5559895833333334 0.6705729166666666 0.08072916666666667 0.12109375
0 0.63671875 0.75 0.07552083333333333 0.140625
0 0.06380208333333333 0.7747395833333334 0.11848958333333333 0.16536458333333334
0 0.3268229166666667 0.78515625 0.1171875 0.23697916666666666
0 0.6315104166666666 0.90234375 0.109375 0.14322916666666666
0 0.11197916666666667 0.90625 0.12890625 0.18098958333333334
0 0.5130208333333334 0.9088541666666666 0.11588541666666667 0.16796875
0 0.3125 0.9505208333333334 0.12760416666666666 0.09114583333333333