0 0.17838541666666666 0.8307291666666666 0.13020833333333334 0.11197916666666667
0 0.5872395833333334 0.61328125 0.08463541666666667 0.07161458333333333
0 0.1640625 0.5533854166666666 0.07291666666666667 0.0625
0 0.4544270833333333 0.6197916666666666 0.08984375 0.09244791666666667
0 0.3736979166666667 0.61328125 0.28515625 0.1875
0 0.3684895833333333 0.6106770833333334 0.12109375 0.07421875
0 0.16796875 0.6536458333333334 0.08854166666666667 0.05859375
0 0.7265625 0.6041666666666666 0.07682291666666667 0.0859375
0 0.7916666666666666 0.5377604166666666 0.06380208333333333 0.07682291666666667
0 0.6158854166666666 0.5325520833333334 0.10546875 0.07682291666666667
0 0.3619791666666667 0.5078125 0.12109375 0.055989583333333336
0 0.5286458333333334 0.4895833333333333 0.052083333333333336 0.046875
0 0.6822916666666666 0.5026041666666666 0.11458333333333333 0.053385416666666664
0 0.7044270833333334 0.4713541666666667 0.5390625 0.19010416666666666
0 0.4049479166666667 0.9505208333333334 0.08984375 0.05859375
0 0.3671875 0.7161458333333334 0.11328125 0.044270833333333336