0 0.5533854166666666 0.7877604166666666 0.15234375 0.20052083333333334
0 0.24609375 0.5677083333333334 0.08072916666666667 0.12760416666666666
0 0.24479166666666666 0.8294270833333334 0.47265625 0.3385416666666667
0 0.9296875 0.16015625 0.13020833333333334 0.05859375
0 0.80078125 0.18489583333333334 0.12369791666666667 0.07291666666666667
0 0.55859375 0.53515625 0.059895833333333336 0.09375
0 0.7291666666666666 0.06510416666666667 0.078125 0.057291666666666664
0 0.17578125 0.5924479166666666 0.08463541666666667 0.09114583333333333
0 0.4388020833333333 0.040364583333333336 0.061197916666666664 0.061197916666666664
0 0.5143229166666666 0.046875 0.0703125 0.08203125
0 0.5026041666666666 0.12109375 0.078125 0.06901041666666667
0 0.5729166666666666 0.1015625 0.08333333333333333 0.0625