0 0.4609375 0.41015625 0.14192708333333334 0.10677083333333333
0 0.7174479166666666 0.5247395833333334 0.12239583333333333 0.07942708333333333
0 0.2825520833333333 0.5533854166666666 0.08463541666666667 0.061197916666666664
0 0.171875 0.5846354166666666 0.14453125 0.14973958333333334
0 0.88671875 0.6041666666666666 0.22135416666666666 0.18359375
0 0.4895833333333333 0.6471354166666666 0.08203125 0.10416666666666667
0 0.3385416666666667 0.67578125 0.09635416666666667 0.13020833333333334
0 0.125 0.6861979166666666 0.09375 0.07161458333333333
0 0.19140625 0.7903645833333334 0.052083333333333336 0.055989583333333336
0 0.3229166666666667 0.9049479166666666 0.15755208333333334 0.15234375
0 0.14583333333333334 0.9700520833333334 0.07552083333333333 0.053385416666666664
0 0.89453125 0.2591145833333333 0.20572916666666666 0.1328125