0 0.4309895833333333 0.27734375 0.0546875 0.109375
0 0.3203125 0.3385416666666667 0.10546875 0.08723958333333333
0 0.22005208333333334 0.390625 0.1171875 0.10546875
0 0.3359375 0.4934895833333333 0.20182291666666666 0.18229166666666666
0 0.3854166666666667 0.5299479166666666 0.061197916666666664 0.0546875
0 0.3359375 0.62890625 0.08854166666666667 0.14192708333333334
0 0.3997395833333333 0.64453125 0.05859375 0.06510416666666667
0 0.2604166666666667 0.6796875 0.09114583333333333 0.09505208333333333
0 0.2799479166666667 0.7630208333333334 0.1171875 0.16015625
0 0.48046875 0.15885416666666666 0.06770833333333333 0.057291666666666664
0 0.49609375 0.24609375 0.057291666666666664 0.10286458333333333