0 0.8411458333333334 0.6875 0.2994791666666667 0.55078125
0 0.14583333333333334 0.13151041666666666 0.265625 0.17708333333333334
0 0.6028645833333334 0.14713541666666666 0.08854166666666667 0.0546875
0 0.4427083333333333 0.08984375 0.12109375 0.0546875
0 0.21484375 0.7552083333333334 0.390625 0.4778645833333333
0 0.7018229166666666 0.19140625 0.048177083333333336 0.040364583333333336
0 0.74609375 0.15494791666666666 0.05078125 0.045572916666666664
0 0.7916666666666666 0.18098958333333334 0.05078125 0.040364583333333336
0 0.9309895833333334 0.17447916666666666 0.13411458333333334 0.09114583333333333
0 0.3372395833333333 0.07291666666666667 0.06770833333333333 0.07682291666666667
0 0.13802083333333334 0.3684895833333333 0.11458333333333333 0.1171875